date	by-2.0	by-nc-2.0	by-nc-nd-2.0	by-nc-sa-2.0	by-nd-2.0	by-sa-2.0
2006-03-17	1085582	1468755	3241697	3169502	317345	801211
2006-03-18	1091966	1476798	3255753	3180376	318563	805280
2006-03-19	1098210	1482720	3272844	3193373	319660	808183
2006-03-20	1101834	1488092	3285177	3206496	321537	810311
2006-03-21	1103502	1490891	3301235	3216832	322417	813808
2006-03-22	1106586	1495223	3314517	3227474	325618	817413
2006-03-23	1109407	1499078	3319986	3236849	326372	817768
2006-03-24	1114819	1503683	3326999	3245792	327021	821277
2006-03-25	1117488	1510531	3338580	3258630	327874	823976
2006-03-26	1121879	1521621	3357993	3272578	330056	826376
2006-03-27	1133237	1526255	3372287	3286716	331380	832589
2006-03-28	1136569	1531929	3387704	3292080	333479	837152
2006-03-29	1141118	1535951	3398766	3305414	334364	840990
2006-03-30	1143153	1539982	3415329	3315019	336119	843693
2006-03-31	1150738	1544471	3425717	3323063	334935	847851
2006-04-01	1156312	1550637	3437430	3336903	335823	851672
2006-04-02	1164182	1556979	3453706	3354402	339773	857162
2006-04-03	1170892	1564799	3466659	3364903	342349	861627
2006-04-04	1176918	1569450	3478618	3376985	345402	867358
2006-04-05	1181301	1575487	3492733	3389748	347356	869472
2006-04-06	1187930	1578448	3503134	3399630	345110	871092
2006-04-07	1191032	1581814	3518988	3415245	346489	870916
2006-04-08	1190702	1586037	3552096	3429642	347413	874366
2006-04-09	1194737	1596618	3574558	3444942	348766	877599
2006-04-10	1200728	1601678	3596149	3456067	349138	880413
2006-04-11	1206311	1614017	3599316	3466151	350858	884388
2006-04-12	1209492	1619670	3594154	3475834	352454	886513
2006-04-13	1208246	1624411	3601463	3486926	353540	889116
2006-04-14	1212836	1630960	3616138	3500930	354288	891466
2006-04-15	1215522	1636470	3628861	3515012	354601	895263
2006-04-16	1224414	1646489	3653096	3528015	356328	899015
2006-04-17	1232459	1655354	3668792	3549559	359187	902067
2006-04-18	1240256	1661276	3691972	3565824	360788	905413
2006-04-19	1247152	1667232	3708530	3574968	361317	908673
2006-04-20	1248950	1677814	3720370	3594780	362139	907237
2006-04-21	1250643	1683794	3728806	3605519	362592	912007
2006-04-22	1244504	1697714	3744204	3618791	364084	922852
2006-04-23	1252976	1702884	3768343	3633523	365352	927178
2006-04-24	1258330	1711108	3786309	3645746	366516	925639
2006-04-25	1264448	1716271	3800821	3660905	369634	928265
2006-04-26	1269057	1721599	3811443	3666376	368307	934683
2006-04-27	1274102	1725858	3826522	3679897	369192	936752
2006-04-28	1277821	1732229	3836619	3694387	370388	939253
2006-04-29	1283869	1737888	3847275	3707080	370937	944354
2006-04-30	1292958	1748827	3866162	3720735	372294	946849
2006-05-02	1303169	1759247	3897599	3746364	373504	956438
2006-05-03	1311931	1763829	3909620	3758473	375154	959089
2006-05-04	1316009	1770442	3922175	3771398	376555	964432
2006-05-05	1322230	1774477	3932321	3781823	378878	963781
2006-05-06	1328334	1777850	3942975	3794102	380168	965712
2006-05-07	1326299	1783618	3962411	3807184	382010	968848
2006-05-08	1332302	1792613	3989457	3811002	379030	982738
2006-05-09	1340429	1800011	4006109	3837631	380441	985523
2006-05-10	1345260	1807042	4022752	3846587	381740	990434
2006-05-18	1391456	1865400	4155580	3948551	392887	1015923
2006-05-19	1394735	1869061	4171572	3958715	394899	1025082
2006-05-20	1397267	1877835	4184925	3969670	398560	1028351
2006-05-21	1404965	1885999	4205039	3982727	399605	1030414
2006-05-22	1410814	1894105	4229595	4005373	401737	1033501
2006-05-23	1421650	1904773	4245870	4019636	404054	1041537
2006-05-24	1426564	1910521	4262255	4031449	405674	1044990
2006-05-25	1430761	1920182	4273750	4053447	407624	1046871
2006-05-26	1434713	1927867	4281782	4069826	410178	1053916
2006-05-27	1439731	1932106	4294487	4088369	411234	1057210
2006-05-28	1447491	1939951	4311301	4097602	412629	1060785
2006-05-29	1455835	1949665	4326766	4110691	413275	1066985
2006-05-30	1463987	1959712	4353958	4117207	414950	1070440
2006-05-31	1471106	1969024	4377507	4128952	417739	1074405
2006-06-01	1478586	1974138	4400093	4139734	420115	1077507
2006-06-02	1483841	1985380	4420047	4157760	420883	1081264
2006-06-03	1489508	1990309	4431960	4168186	422721	1084471
2006-06-04	1499254	1996851	4446154	4182313	426235	1088220
2006-06-05	1509190	2008391	4474145	4203010	430948	1093938
2006-06-06	1523234	2015247	4492055	4220908	434807	1098671
2006-06-07	1529853	2022456	4502397	4238877	437179	1100969
2006-06-08	1532809	2023278	4519741	4251257	439358	1109159
2006-06-09	1536960	2031666	4533148	4262326	442973	1115145
2006-06-10	1541400	2038997	4550575	4272256	444371	1117785
2006-06-11	1550169	2046446	4569886	4285877	447266	1124280
2006-06-12	1556326	2055651	4604898	4304685	450370	1128393
2006-06-13	1562128	2065228	4623978	4326844	451587	1132913
2006-06-14	1569932	2076164	4642352	4343760	453053	1135828
2006-06-15	1575306	2080622	4657148	4358033	455592	1139879
2006-06-16	1582859	2091154	4667843	4372066	457641	1143868
2006-06-17	1587091	2097952	4685516	4383209	459315	1150134
2006-06-18	1592581	2107287	4705101	4396683	460693	1154811
2006-06-19	1600089	2115975	4734351	4408957	462510	1161598
2006-06-20	1606778	2125186	4758365	4423100	463174	1166086
2006-06-21	1609502	2131309	4776639	4440833	465208	1170393
2006-06-22	1617462	2136564	4793204	4449108	465710	1174245
2006-06-23	1623598	2144149	4807587	4459539	467495	1171604
2006-06-24	1627351	2153156	4823236	4470471	468919	1174072
2006-06-25	1637800	2164195	4842484	4485926	472509	1178409
2006-06-26	1651437	2175879	4869789	4501361	472673	1182940
2006-06-27	1657872	2183749	4889977	4518753	474779	1186859
2006-06-28	1667100	2190376	4906016	4531526	475432	1191190
2006-06-29	1670751	2197426	4923960	4541347	478556	1194927
2006-06-30	1676251	2201710	4939280	4553489	479579	1197523
2006-07-01	1682853	2207363	4960579	4565287	482704	1200102
2006-07-02	1691746	2213772	4978443	4585163	485005	1205866
2006-07-03	1701946	2223561	4997895	4605853	488570	1214971
2006-07-04	1714534	2229903	5022039	4625574	489231	1219372
2006-07-05	1722586	2241107	5045816	4643240	491007	1224690
2006-07-06	1731814	2252266	5067448	4662877	500162	1227027
2006-07-07	1737457	2258745	5086052	4677372	501400	1229797
2006-07-08	1744320	2264242	5096706	4690953	503573	1237188
2006-07-09	1751007	2271748	5117881	4706857	506390	1241034
2006-07-10	1755998	2284890	5140086	4724643	510911	1246301
2006-07-11	1760119	2293099	5165323	4734075	512683	1250917
2006-07-12	1765535	2299257	5192035	4743875	514563	1254892
2006-07-13	1769658	2307380	5214678	4756435	516556	1257384
2006-07-14	1776571	2314315	5236847	4777800	519942	1253076
2006-07-15	1777090	2324665	5254897	4788192	521087	1256451
2006-07-16	1782793	2332492	5272153	4799668	522774	1261839
2006-07-17	1791079	2341807	5297880	4821128	523049	1266959
2006-07-18	1798029	2353725	5318674	4839042	525724	1274271
2006-07-19	1580276	2065816	5318674	4839042	461264	1121594
2006-07-20	1813175	2366257	5349881	4864443	528392	1284094
2006-07-21	1826134	2370591	5372464	4880465	529682	1286832
2006-07-22	1830793	2376128	5391642	4892329	533324	1290531
2006-07-23	1840405	2385765	5411995	4912373	535098	1295382
2006-07-24	1851939	2396805	5440023	4934055	540921	1301733
2006-07-25	1860758	2405187	5461888	4950629	541997	1307348
2006-07-26	1868174	2412895	5475363	4961523	543763	1310676
2006-07-27	1886717	2421046	5497503	4974220	544137	1316155
2006-07-28	1892753	2423587	5522101	4993753	546626	1320622
2006-07-29	1884325	2431115	5538433	5004348	554547	1325599
2006-07-30	1896715	2439383	5561593	5025440	556275	1329621
2006-07-31	1910564	2449851	5586854	5051159	560207	1336282
2006-08-01	1925684	2459339	5613574	5070695	563605	1342181
2006-08-02	1932186	2468633	5286706	5088852	529649	1263893
2006-08-03	1815560	2474580	5306263	4783602	567289	1268000
2006-08-04	1941766	2326833	5324416	4786891	532935	1356145
2006-08-05	1828110	2489414	5696650	4795442	534210	1362365
2006-08-06	1836221	2499194	5361193	5132866	571674	1368158
2006-08-07	1847245	2511581	5741844	4831082	574913	1375448
2006-08-08	1977573	2519461	5765115	5166156	578570	1383159
2006-08-09	1983599	2527162	5782397	5179421	579571	1387312
2006-08-10	1991187	2534097	5805359	5193824	583311	1390677
2006-08-11	1996455	2540996	5828639	5207847	590499	1395189
2006-08-12	2003504	2548941	5844608	5216642	592441	1398125
2006-08-13	2008655	2556795	5866714	5232211	595254	1401682
2006-08-14	2018739	2566716	5898560	5255510	597973	1407589
2006-08-15	2027171	2575355	5917840	5271369	600975	1414411
2006-08-16	2032609	2588177	5933665	5291403	605062	1419815
2006-08-17	2040844	2595008	5954368	5309385	607829	1424176
2006-08-18	2047035	2589243	5968549	5326565	610806	1436419
2006-08-19	2051537	2595621	5976097	5341318	612818	1442207
2006-08-20	2064295	2603406	5997017	5359347	614906	1446826
2006-08-21	2075027	2615265	6026694	5380048	618390	1453860
2006-08-22	2087932	2623205	6052190	5393911	622911	1458226
2006-08-23	2098985	2630339	6074680	5410615	625351	1462430
2006-08-24	2105424	2636934	6096206	5423366	627271	1465593
2006-08-25	2119771	2648249	6119092	5435145	628511	1469861
2006-08-26	2126414	2655189	6135653	5447738	627784	1472286
2006-08-28	2149508	2679135	6199548	5495698	629207	1483671
2006-08-29	2157633	2686937	6227635	5517969	633548	1487609
2006-08-30	2166492	2696350	6249080	5539096	635706	1490632
2006-08-31	2177332	2700738	6267389	5556651	636925	1495521
2006-09-01	2184907	2709798	6290897	5570855	640508	1499415
2006-09-02	2192158	2714357	6309926	5592432	641616	1504389
2006-09-03	2202771	2720870	6330599	5609874	643684	1509477
2006-09-04	2213481	2729155	6354503	5628346	647159	1516776
2006-09-05	2229980	2736895	6384005	5647891	652436	1521901
2006-09-06	2237854	2741917	6403335	5672134	655749	1525092
2006-09-07	2243775	2755631	6415451	5687616	657230	1528124
2006-09-08	2243948	2769251	6428970	5701977	658942	1533252
2006-09-09	2249207	2774251	6450006	5711988	660356	1545223
2006-09-10	2261906	2780167	6470989	5734117	662351	1547991
2006-09-11	2258927	2788035	6494087	5756868	665959	1553351
2006-09-12	2271182	2798162	6517526	5773147	669820	1557212
2006-09-13	2280102	2804040	6537540	5787957	671420	1560718
2006-09-14	2285041	2810920	6560047	5802385	674107	1563910
2006-09-15	2298333	2816733	6579641	5820645	675547	1568794
2006-09-16	2303765	2820536	6601111	5829679	677386	1573858
2006-09-17	2312148	2829429	6623888	5845733	678653	1578161
2006-09-18	2322563	2838439	6648314	5865804	683364	1582298
2006-09-19	2330841	2846604	6670386	5881433	687013	1590468
2006-09-20	2326596	2841796	6674211	5887014	688393	1593031
2006-09-21	2343101	2857224	6709127	5903124	689606	1602733
2006-09-22	2350372	2865384	6731475	5915634	689762	1605319
2006-09-23	2362525	2869207	6747094	5929558	690460	1610363
2006-09-24	2376997	2876498	6770465	5943434	693755	1609936
2006-09-25	2386005	2887420	6793256	5962597	696437	1615866
2006-09-26	2392716	2895350	6812211	5981581	698103	1622921
2006-09-27	2399429	2902639	6828314	6002110	699553	1621730
2006-09-28	2406753	2908435	6828314	6019304	700801	1624752
2006-09-29	2407463	2915623	6862077	6028658	701952	1628260
2006-09-30	2414913	2922252	6882321	6044255	703514	1635329
2006-10-01	2425924	2931918	6903095	6059623	705190	1641181
2006-10-02	2438767	2946540	6930328	6083193	708353	1647270
2006-10-03	2446593	2949415	6951332	6097600	711417	1652567
2006-10-04	2458078	2958456	6974361	6115299	713875	1653889
2006-10-05	2455107	2962542	6996756	6128795	716141	1656542
2006-10-06	2460008	2967869	7010421	6140800	718049	1659492
2006-10-07	2466174	2975039	7021193	6151996	723448	1662939
2006-10-08	2472404	2984097	7046648	6161207	728739	1667739
2006-10-09	2481270	2995701	7072405	6181718	732107	1675754
2006-10-10	2488612	3006445	7095271	6201324	734243	1683176
2006-10-11	2494312	3017314	7112736	6218678	735471	1686076
2006-10-12	2498201	3022166	7125826	6227974	739162	1690486
2006-10-13	2506951	3031933	7142172	6242932	740092	1695620
2006-10-14	2515518	3039578	7167712	6252661	742450	1697860
2006-10-15	2521765	3048962	7192108	6273943	741361	1705120
2006-10-16	2533963	3059583	7221943	6296149	744050	1711692
2006-10-17	2544685	3065836	7244613	6324745	743460	1715221
2006-10-18	2552759	3071688	7271054	6340825	744717	1719432
2006-10-19	2560583	3080189	7298240	6360477	744874	1725411
2006-10-20	2557810	3101200	7317552	6373986	747510	1730618
2006-10-21	2561477	3107896	7345711	6389898	749435	1730510
2006-10-22	2571682	3116584	7379431	6414022	751927	1733693
2006-10-23	2579626	3128566	7431417	6437209	757034	1744483
2006-10-24	2587352	3137439	7471504	6459547	755521	1752000
2006-10-25	2592944	3149461	7498710	6472658	759330	1754696
2006-10-26	2599006	3158356	7521792	6490239	761353	1762140
2006-10-27	2608612	3171026	7546028	6508611	763627	1764944
2006-10-28	2619606	3171459	7575662	6523180	763543	1769837
2006-10-29	2627182	3183316	7616516	6542814	765461	1778184
2006-10-30	2641331	3209395	7653673	6571776	771189	1781734
2006-10-31	2645051	3223517	7703494	6595046	776415	1788411
2006-11-01	2656517	3232344	7728826	6619622	780865	1793767
2006-11-02	2658122	3244298	7757970	6639746	785156	1802189
2006-11-03	2665639	3252331	7787060	6659327	787394	1806815
2006-11-04	2670277	3259961	7806059	6676899	789933	1810251
2006-11-05	2681711	3271473	7848493	6693278	793538	1813458
2006-11-06	2690594	3284001	7885838	6718937	797129	1817819
2006-11-07	2696194	3294834	7918534	6738844	797391	1822698
2006-11-08	2697918	3299123	7951886	6748289	798805	1828102
2006-11-09	2703750	3309860	7974859	6772712	801597	1827420
2006-11-10	2717395	3321636	7999494	6783794	805691	1830142
2006-11-11	2720936	3335494	8019957	6796013	808916	1834999
2006-11-12	2729997	3347144	8049235	6816464	813203	1841814
2006-11-13	2741223	3352474	8089316	6835426	815169	1847375
2006-11-14	2743735	3365200	8125684	6851763	826266	1850934
2006-11-15	2749093	3368930	8157364	6862404	828208	1856242
2006-11-16	2738515	3386816	8179490	6872437	829775	1871219
2006-11-17	2744450	3396431	8191769	6881440	832323	1869029
2006-11-18	2741361	3396983	8183536	6869371	829845	1865334
2006-11-19	2748972	3414531	8229756	6907055	833526	1875826
2006-11-20	2750202	3432178	8248026	6936145	835551	1880651
2006-11-21	2756484	3438892	8281405	6953301	838132	1885283
2006-11-22	2764531	3445629	8304771	6960864	840803	1888022
2006-11-23	2766571	3450793	8327782	6976851	844021	1892214
2006-11-24	2773865	3458194	8343701	6988156	847966	1903383
2006-11-25	2779671	3467353	8363777	7002960	849549	1907673
2006-11-26	2779679	3473993	8399122	7020610	853527	1916803
2006-11-27	2797422	3482717	8440841	7044268	852037	1924934
2006-11-28	2804710	3493352	8470393	7061407	860723	1930679
2006-11-29	2810602	3493209	8493445	7079024	861200	1942035
2006-11-30	2813792	3522537	8506848	7082833	862992	1946249
2006-12-01	2820939	3531577	8530009	7096512	863950	1950984
2006-12-02	2827630	3538296	8540006	7106751	866907	1956592
2006-12-03	2834359	3540945	8590622	7125214	874662	1961480
2006-12-04	2844347	3553907	8626148	7144795	874760	1969162
2006-12-05	2853146	3565782	8648039	7161402	876666	1973980
2006-12-06	2857552	3571914	8666260	7176727	876326	1978822
2006-12-07	2868117	3568334	8688752	7186615	872378	1985962
2006-12-08	2873839	3573634	8699248	7199855	874609	1988265
2006-12-09	2880938	3581897	8729446	7213640	885868	1989361
2006-12-10	2885995	3594771	8751797	7229882	889044	1996951
2006-12-11	2900174	3603615	8783159	7256071	891652	2000527
2006-12-12	2910940	3611306	8806504	7272596	891652	2000527
2006-12-13	2917324	3619792	8830354	7284673	896429	2012029
2006-12-14	2916712	3635537	8844975	7302783	900685	2011263
2006-12-15	2921393	3640828	8869988	7312830	902195	2014431
2006-12-16	2929521	3652719	8879527	7323660	910572	2018495
2006-12-17	2937048	3661539	8914055	7335569	911550	2029064
2006-12-18	2952074	3673945	8932125	7357140	915074	2032048
2006-12-19	2961801	3686952	8974999	7375104	924824	2034162
2006-12-20	2963748	3688350	8978678	7395327	926813	2043784
2006-12-21	2975053	3702227	9012233	7411310	924020	2050192
2006-12-22	2981898	3713674	9030715	7428733	925743	2051882
2006-12-23	2987603	3721819	9052374	7444621	927895	2056249
2006-12-24	3002716	3728170	9073020	7458577	932282	2065428
2006-12-25	3010268	3735611	9096432	7472062	933909	2070083
2006-12-26	3018515	3745494	9122692	7487860	936394	2075904
2006-12-27	3029338	3754834	9146358	7498943	935633	2082451
2006-12-28	3038401	3759020	9181320	7518831	938219	2086913
2006-12-29	3043715	3768110	9199894	7530802	942080	2094282
2006-12-30	3050754	3777751	9237350	7548708	943388	2095084
2006-12-31	3060469	3795433	9274902	7563298	943866	2100284
2007-01-01	3070388	3799589	9299454	7581019	946438	2105290
2007-01-02	3076235	3812157	9346874	7625787	951845	2114298
2007-01-03	3089577	3813863	9386695	7659253	956502	2122225
2007-01-04	3094222	3831104	9422720	7665389	961258	2126037
2007-01-05	3102320	3836010	9461990	7678236	964631	2134555
2007-01-06	3105651	3852286	9487480	7694091	964195	2138127
2007-01-07	3114578	3855571	9514522	7713417	965736	2137865
2007-01-08	3123889	3876737	9508206	7735553	969853	2149124
2007-01-09	3137210	3887903	9562936	7775323	974191	2152801
2007-01-10	3141565	3894191	9589876	7785924	974259	2162226
2007-01-11	3146538	3904378	9616251	7804396	982316	2165057
2007-01-12	3153244	3911566	9649437	7822293	984986	2169927
2007-01-13	3161564	3921553	9667370	7836867	985579	2174137
2007-01-14	3168248	3928668	9691612	7863680	991047	2177688
2007-01-15	3178262	3938588	9728802	7879851	992648	2189310
2007-01-16	3183109	3938392	9752028	7893946	997135	2194200
2007-01-17	3195956	3945936	9792213	7922134	1000615	2199834
2007-01-18	3213799	3953450	9806729	7943160	1004578	2204301
2007-01-19	3222386	3957124	9830099	7946465	1006852	2206546
2007-01-20	3227666	3963369	9851655	7962751	1008573	2208262
2007-01-21	3237277	3971820	9877216	7984188	1004338	2214179
2007-01-22	3245087	3981330	9917611	8002858	1007208	2218479
2007-01-23	3249424	3997806	9941754	8024187	1009936	2220356
2007-01-24	3255243	4008286	9968461	8050082	1011043	2223767
2007-01-25	3257682	4017547	9993312	8065258	1009572	2227080
2007-01-26	3258918	4028436	10023096	8075594	1010120	2231708
2007-01-27	3265257	4050506	10040444	8088856	1012214	2234621
2007-01-28	3272238	4051484	10070401	8108316	1014154	2242847
2007-01-29	3279212	4061443	10109368	8128464	1018448	2250410
2007-01-30	3287622	4067225	10132044	8140975	1019735	2253936
2007-01-31	3293160	4074132	10150693	8158846	1025834	2258429
2007-02-01	3298052	4090889	10168917	8167991	1027031	2265041
2007-02-02	3296361	4095835	10199479	8180976	1028589	2273338
2007-02-03	3299421	4102218	10209440	8191066	1030981	2275078
2007-02-04	3306900	4113475	10234031	8204143	1032307	2280088
2007-02-05	3315900	4131425	10260513	8230213	1037088	2281511
2007-02-06	3323183	4141290	10301294	8242102	1044729	2287290
2007-02-07	3329543	4156272	10314242	8250362	1050851	2293040
2007-02-08	3321292	4164043	10324163	8268500	1050666	2297008
2007-02-09	3325921	4175365	10350920	8286051	1052435	2300522
2007-02-10	3329992	4181480	10358979	8302101	1055244	2303193
2007-02-11	3338452	4192528	10377067	8318474	1055975	2306757
2007-02-12	3347707	4204858	10415237	8338562	1060278	2314368
2007-02-13	3358899	4213980	10453986	8354480	1062355	2318749
2007-02-14	3365221	4215829	10474037	8377118	1064089	2321173
2007-02-15	3374460	4225880	10505544	8393009	1065991	2325642
2007-02-16	3382327	4229523	10540523	8416280	1062640	2327070
2007-02-17	3388243	4238651	10563847	8428957	1063880	2330793
2007-02-18	3396799	4246864	10596512	8445143	1065185	2336301
2007-02-19	3403318	4260477	10626073	8471501	1068275	2341625
2007-02-20	3411814	4266680	10643676	8488882	1073018	2347487
2007-02-21	3416591	4266680	10674874	8507814	1074910	2352196
2007-02-22	3425601	4284373	10701676	8519362	1076524	2360530
2007-02-23	3429887	4291023	10732270	8533349	1078763	2364010
2007-02-24	3438508	4295555	10747847	8549827	1082128	2366321
2007-02-25	3445617	4305639	10772394	8572189	1085229	2373900
2007-02-26	3455065	4316858	10806643	8594136	1087056	2381970
2007-02-27	3461885	4326560	10826557	8608603	1089753	2388715
2007-02-28	3470522	4335511	10849231	8622893	1091470	2395628
2007-03-01	3469514	4342936	10879372	8635994	1094260	2398179
2007-03-02	3472702	4352239	10893473	8650489	1094950	2404230
2007-03-03	3476791	4357062	10902603	8660009	1098039	2409243
2007-03-04	3482902	4366242	10932316	8680310	1103091	2412700
2007-03-05	3489211	4375456	10973535	8702128	1107186	2420293
2007-03-06	3495647	4382408	10987453	8722088	1110542	2425583
2007-03-07	3494621	4390117	11008561	8732655	1111914	2428717
2007-03-08	3501200	4395209	11035556	8741600	1114469	2431350
2007-03-09	3509629	4404172	11046378	8755524	1115481	2433232
2007-03-10	3516748	4409331	11058764	8767970	1116621	2435123
2007-03-11	3528187	4421200	11097065	8794114	1120128	2441832
2007-03-12	3538689	4436591	11125718	8821967	1123120	2447359
2007-03-13	3550229	4446037	11152423	8834173	1127199	2452322
2007-03-14	3560355	4454342	11170749	8851364	1129517	2454617
2007-03-15	3565011	4465937	11185248	8866537	1129195	2462935
2007-03-16	3578600	4477682	11211663	8883280	1138969	2470320
2007-03-17	3587226	4494042	11228328	8912039	1145294	2474171
2007-03-18	3595219	4503210	11254118	8934128	1146492	2476921
2007-03-19	3604708	4514643	11289745	8959566	1150552	2487167
2007-03-20	3612792	4526888	11314495	8983241	1153257	2491997
2007-03-21	3619063	4542047	11346868	9007868	1155321	2501954
2007-03-22	3624965	4552685	11388617	9025891	1158346	2504672
2007-03-23	3620492	4560301	11409957	9035781	1160477	2507652
2007-03-24	3622967	4573263	11437211	9054392	1161817	2513905
2007-03-25	3625827	4583230	11463816	9079925	1163194	2519428
2007-03-26	3634443	4599433	11507406	9109315	1170443	2526279
2007-03-27	3642915	4608835	11537817	9130158	1175314	2531359
2007-03-28	3644116	4613088	11567948	9130338	1178773	2530768
2007-03-29	3656710	4625726	11580982	9145287	1186531	2540276
2007-03-30	3662914	4637662	11604514	9163830	1189944	2546559
2007-03-31	3672420	4647393	11640337	9178813	1190604	2552644
2007-04-01	3682247	4666700	11672787	9202960	1193329	2561587
2007-04-02	3690924	4683995	11699896	9233180	1198683	2569703
2007-04-03	3697458	4697033	11721547	9256279	1201167	2576484
2007-04-04	3705866	4705810	11748843	9277130	1203956	2583524
2007-04-05	3711695	4714406	11777819	9296673	1206191	2586517
2007-04-06	3717882	4722419	11805716	9314240	1208777	2593851
2007-04-07	3730537	4727913	11842800	9334203	1210463	2605333
2007-04-08	3735529	4729003	11868994	9351776	1213311	2609755
2007-04-09	3742674	4744118	11909870	9373903	1216666	2618472
2007-04-10	3754835	4759414	11957707	9415724	1220549	2630469
2007-04-11	3763997	4769619	11992004	9437909	1223010	2637204
2007-04-12	3779454	4775921	12017078	9458646	1224812	2643240
2007-04-13	3793723	4791208	12044785	9477567	1227235	2645481
2007-04-14	3800975	4800541	12069428	9494120	1228538	2648614
2007-04-15	3812275	4809976	12084273	9511238	1232318	2648234
2007-04-16	3823095	4820640	12113923	9531341	1235796	2655540
2007-04-17	3828675	4827391	12132002	9545267	1236886	2660341
2007-04-18	3846525		12175126	9589405	1242124	2669164
2007-04-19	3850801	4853407	12194498	9600776	1243786	2673846
2007-04-20	3856303	4859797	12218000	9623757	1246429	2679481
2007-04-21	3853763	4869675	12238037	9638087	1249524	2683302
2007-04-22	3866413	4882670	12282774	9656287	1254498	2697806
2007-04-23	3876975	4897000	12321034	9685727	1258797	2710960
2007-04-24	3883654	4913974	12360620	9711913	1265631	2718759
2007-04-25	3899214	4918303	12386933	9736772	1268417	2724824
2007-04-26	3900318	4925954	12422215	9756968	1272512	2731987
2007-04-27	3908498	4936659	12438161	9778146	1274489	2741147
2007-04-28	3927396	4947811	12479431	9826694	1276021	2749806
2007-04-29	3937784	4963612	12518074	9846691	1279884	2756387
2007-04-30	3948111	4974091	12550984	9879870	1283730	2765145
2007-05-01	3958214	4979972	12590722	9907334	1288045	2771990
2007-05-02	3970431	4987981	12627441	9929590	1290483	2779523
2007-05-03	3975120	4996464	12673560	9937997	1292157	2785621
2007-05-04	3980857	5005425	12699972	9957918	1294134	2792369
2007-05-05	3984126	5025706	12726478	9948717	1297530	2799248
2007-05-06	3993735	5042024	12765758	9974548	1300553	2806252
2007-05-07	4006639	5058380	12812301	10008889	1304487	2817395
2007-05-08	4021405	5075610	12833983	10043804	1310074	2824156
2007-05-09	4033923	5084946	12859349	10067324	1313336	2831544
2007-05-10	4041759	5098108	12888172	10086548	1317316	2838367
2007-05-11	4049215	5104531	12918399	10105592	1324385	2843592
2007-05-12	4057215	5116307	12926385	10120801	1326221	2850189
2007-05-13	4067086	5128689	12951846	10141623	1328404	2855860
2007-05-14	4082645	5139578	12987559	10168112	1331603	2864222
2007-05-15	4093085	5150694	13023260	10186294	1331599	2869757
2007-05-16	4093602	5158594	13066741	10202523	1332876	2876852
2007-05-17	4100488	5166150	13083574	10219954	1331481	2881605
2007-05-18	4107539	5175906	13122538	10238023	1330489	2889501
2007-05-19	4116562	5185024	13142671	10253385	1331804	2895921
2007-05-20	4127033	5198766	13173567	10275537	1335106	2904806
2007-05-21	4133866	5212383	13210421	10309117	1341715	2912935
2007-05-22	4147905	5222250	13252684	10340891	1345523	2919843
2007-05-23	4164345	5228539	13280994	10366342	1345152	2932205
2007-05-25	4173661	5250116	13343808	10416273	1348842	2945453
2007-05-26	4187842	5257260	13369972	10442471	1353141	2951826
2007-05-27	4201950	5269180	13401687	10457785	1348752	2960083
2007-05-28	4210374	5286119	13434819	10489867	1353736	2969445
2007-05-29	4223822	5297732	13483587	10525984	1356774	2975701
2007-05-30	4233696	5309885	13534497	10554392	1358560	2981143
2007-05-31	4253823	5318840	13562631	10577371	1363277	2994822
2007-06-01	4261620	5331950	13589585	10597337	1367120	3006788
2007-06-02	4268854	5338023	13614326	10620537	1355240	3016901
2007-06-03	4277721	5350484	13645851	10645460	1357130	3025168
2007-06-04	4288832	5365251	13677072	10675418	1363161	3035886
2007-06-05	4302866	5377892	13717316	10697767	1374782	3042832
2007-06-06	4309974	5386422	13754547	10715983	1377250	3048178
2007-06-07	4313858	5395869	13777606	10738300	1379586	3053558
2007-06-08	4314620	5405084	13789445	10758847	1384965	3056354
2007-06-09	4321781	5413553	13809502	10775466	1388032	3058585
2007-06-10	4329284	5422972	13841460	10803685	1391178	3066114
2007-06-11	4336194	5440528	13881446	10828404	1397569	3078946
2007-06-12	4342597	5451519	13908956	10867237	1400917	3082981
2007-06-13	4354657	5468537	13914881	10901684	1405783	3088569
2007-06-14	4364965	5475337	13939867	10926103	1408970	3093176
2007-06-15	4369539	5484553	13970213	10938932	1412798	3085465
2007-06-16	4381349	5493325	13989273	10959260	1417882	3091257
2007-06-17	4386793	5511574	14000513	10999392	1421098	3095025
2007-06-19	4413008	5543588	14077093	11073064	1426539	3115127
2007-06-20	4418722	5556168	14096049	11093645	1430675	3119739
2007-06-21	4427171	5562493	14105942	11120514	1441176	3123520
2007-06-22	4432973	5575738	14134578	11143181	1442460	3131062
2007-06-23	4437660	5585058	14159467	11161388	1448904	3136121
2007-06-24	4446310	5597284	14189441	11184971	1453921	3144788
2007-06-25	4456787	5617496	14239780	11212900	1461922	3155431
2007-06-26	4471253	5631964	14276514	11253782	1466979	3158499
2007-06-27	4482549	5642806	14305761	11281518	1473747	3164233
2007-06-28	4494285	5655115	14319139	11294818	1477219	3172004
2007-06-29	4500030	5661413	14336623	11317100	1481025	3181740
2007-06-30	4508178	5672551	14356225	11340908	1484525	3188632
2007-07-01	4513508	5679043	14387962	11363302	1483280	3198321
2007-07-02	4524703	5692519	14433526	11397080	1487193	3208341
2007-07-03	4547228	5702642	14454955	11425151	1491637	3214912
2007-07-04		5717354	14482023	11443966	1497342	3219645
2007-07-05	4533766	5733122	14525334	11473949	1502953	3228092
2007-07-06	4550045	5740269	14566781	11504380	1502779	3234839
2007-07-07	4572623	5756168	14577114	11527041	1508355	3242035
2007-07-08	4585309	5769373	14608554	11546322	1513067	3252019
2007-07-09	4597713	5787320	14647880	11598001	1513516	3259705
2007-07-11	4602333	5826057	14743774	11655550	1522319	3285456
2007-07-12	4613841	5833402	14784574	11683105	1524084	3290645
2007-07-13	4621091	5844952	14803208	11710144	1527264	3296469
2007-07-14	4629410	5861267	14835295	11736423	1529760	3302863
2007-07-15	4644952	5871169	14863636	11760487	1537637	3309075
2007-07-16	4659432	5888207	14901907	11793340	1543240	3318609
2007-07-17	4670342	5909713	14940522	11820057	1547508	3329956
2007-07-18	4687147				1558747	
2007-07-19	4696693	5941352	14996645	11871064	1562186	3344798
2007-07-20	4704477	5960273	15017451	11894558	1564092	3350424
2007-07-21	4713174	5970130	15047126	11918287	1580912	3354489
2007-07-22	4721596	5983732	15080439	11943628	1584547	3362952
2007-07-23	4736434	6005934	15137515	11981621	1588686	3375540
2007-07-24	4743640	6019310	15178228	12024098	1591865	3389430
2007-07-25	4756021	6032606	15205505	12046330	1595418	3396699
2007-07-26	4767680	6046136	15215956	12068817	1600248	3400635
2007-07-27	4776407	6062074	15242166	12101364	1611032	3408645
2007-07-28	4772022	6077128	15259102	12120562	1613281	3419337
2007-07-29	4787143	6091972	15280653	12147988	1620559	3425974
2007-07-31	4817743	6115253	15353399	12197470	1632891	3450384
2007-08-01	4828231	6143315	15395692	12220700	1637216	3458189
2007-08-02	4838767	6153354	15419290	12235992	1641952	3467512
2007-08-03	4846087	6168459	15459887	12262814	1649512	3472792
2007-08-04	4853924	6178125	15487338	12287794	1650744	3479605
2007-08-05	4866672	6198295	15520779	12310901	1656228	3477036
2007-08-07	4894443	6234988	15613522	12377690	1669149	3495986
2007-08-08	4905349	6244588	15651030	12403734	1680790	3504548
2007-08-09	4916955	6260781	15671592	12430461	1684148	3511004
2007-08-10	4928679	6269121	15690816	12445647	1689687	3521569
2007-08-11	4940829	6280611	15714934	12457992	1692530	3528684
2007-08-12	4948355	6298541	15742555	12482306	1695543	3534337
2007-08-13	4962866	6315824	15779484	12521043	1700864	3547687
2007-08-14	4975734	6335053	15813582	12552310	1703475	3557932
2007-08-15	4987256	6344386	15847870	12574757	1704532	3561747
2007-08-16	4996630	6354890	15879504	12605523	1708389	3571128
2007-08-17	5003518	6366625	15921574	12626888	1705560	3580100
2007-08-18	4998407	6380536	15949084	12657609	1708784	3590803
2007-08-19	5020196	6388926	15987986	12679554	1702402	3602218
2007-08-20	5040181	6403892	16028065	12718283	1707326	3610073
2007-08-21	5058837	6417994	16058601	12731912	1710963	3619997
2007-08-22	5067871	6427328	16068645	12752797	1713914	3628894
2007-08-23	5071441	6439497	16079472	12777485	1716188	3638763
2007-08-24	5078182	6450441	16087178	12796839	1718790	3646927
2007-08-25	5090870	6459052	16115763	12805377	1721795	3654509
2007-08-26	5100759	6471336	16154672	12837518	1727519	3659265
2007-08-27	5118333	6491144	16173725	12876790	1729217	3672544
2007-08-28	5135365	6506992	16207478	12920638	1732694	3682017
2007-08-29	5145441	6521809	16240791	12943384	1735571	3691043
2007-08-30	5150388	6528028	16271257	12965189	1741384	3698205
2007-08-31	5157599	6533986	16287496	12984381	1745056	3702534
2007-09-01	5172372	6548461	16308608	13000939	1752202	3703878
2007-09-02	5181826	6561165	16340155	13025026	1754632	3715789
2007-09-03	5197061	6582818	16376287	13058883	1761350	3725827
2007-09-04	5224607	6594743	16434279	13094987	1767203	3738591
2007-09-05	5267506	6611829	16476290	13133689	1772507	3748900
2007-09-06	5272669	6626591	16503514	13157105	1774104	3751676
2007-09-07	5278532	6633261	16522905	13173070	1776851	3758356
2007-09-08	5288059	6642227	16546147	13188863	1779506	3763857
2007-09-09	5290557	6664226	16573570	13218245	1784098	3768085
2007-09-10	5310902	6679451	16613869	13258030	1789375	3775017
2007-09-11	5325804	6687801	16650973	13301803	1794584	3778996
2007-09-12	5333968	6696203	16676660	13324857	1797178	3785469
2007-09-13	5345679	6709086	16704486	13337258	1799431	3792664
2007-09-14	5352190	6721066	16728872	13358922	1802290	3797842
2007-09-15	5361702	6733866	16757320	13385908	1804647	3808187
2007-09-16	5369427	6744099	16789190	13423928	1810170	3816427
2007-09-17		6762141	16830658	13461717	1817809	3825891
2007-09-18	5398097	6775531	16878531	13498736	1819020	3832090
2007-09-19	5412951	6792270	16894765	13520521	1822458	3832067
2007-09-20	5421261	6795518	16922372	13546610	1822282	3848730
2007-09-21	5431218	6810340	16937899	13562062	1822779	3852962
2007-09-22	5422267	6818148	16949677	13580757	1823583	3863578
2007-09-23	5429104	6831576	16949038	13615257	1825640	3870583
2007-09-24	5440741	6848567	16994855	13655669	1835148	3875958
2007-09-25	5448911	6855738	17028482	13696027	1844062	3854451
2007-09-26	5451252	6872928	17037037	13734084	1840272	3859115
2007-09-27	5464741	6883981	17074017	13752831	1839859	3869575
2007-09-28	5472884	6898779	17084834	13780552	1841370	3869155
2007-09-29	5478283	6907869	17116570	13791834	1841732	3874570
2007-09-30	5490925	6920261	17155191	13810317	1845315	3882901
2007-10-01	5510345	6942111	17202358	13839328	1849903	3891020
2007-10-03	5542527	6965742	17227825	13877384	1853905	3901704
2007-10-04	5548830	6974982	17256832	13897960	1856638	3907919
2007-10-05	5542722	6982849	17264540	13932478	1851826	3916954
2007-10-06	5546253	6990257	17277687	13958127	1855583	3921615
2007-10-07	5550730	7010023	17302867	13988800	1858067	3929971
2007-10-08	5571410	7025147	17354688	14035197	1863957	3936519
2007-10-09	5583612	7038072	17387202	14057834	1865072	3943134